"krasiński_Błękit duszy." "krasiński_Boleść rozłączenia." "krasiński_Co mi się marzy?" "krasiński_Czas i wieczność." "krasiński_Do Duchów." "krasiński_Do Pani D. P.[*]" "krasiński_Gdzie cisza?" "krasiński_Miłość ideału." "krasiński_Nie wrócę już!" "krasiński_Niewymarzona, a cudowna." "krasiński_Nowe życie." "krasiński_Postanowienie." "krasiński_Pożegnanie Italii." "mickiewicz_Sonety I." "mickiewicz_Sonety II." "mickiewicz_Sonety III." "mickiewicz_Sonety IV." "mickiewicz_Sonety IX." "mickiewicz_Sonety krymskie I." "mickiewicz_Sonety krymskie II." "mickiewicz_Sonety krymskie III." "mickiewicz_Sonety krymskie IV." "mickiewicz_Sonety krymskie IX." "mickiewicz_Sonety krymskie V." "mickiewicz_Sonety krymskie VI." "mickiewicz_Sonety krymskie VII." "mickiewicz_Sonety krymskie VIII." "mickiewicz_Sonety krymskie X." "mickiewicz_Sonety krymskie XI." "mickiewicz_Sonety krymskie XII." "mickiewicz_Sonety krymskie XIII." "mickiewicz_Sonety krymskie XIV." "mickiewicz_Sonety krymskie XV." "mickiewicz_Sonety krymskie XVI." "mickiewicz_Sonety krymskie XVII." "mickiewicz_Sonety krymskie XVIII." "mickiewicz_Sonety V." "mickiewicz_Sonety VI." "mickiewicz_Sonety VII." "mickiewicz_Sonety VIII." "mickiewicz_Sonety X." "mickiewicz_Sonety XI." "mickiewicz_Sonety XII." "mickiewicz_Sonety XIII." "mickiewicz_Sonety XIV." "mickiewicz_Sonety XIX." "mickiewicz_Sonety XV." "mickiewicz_Sonety XVI." "mickiewicz_Sonety XVII." "mickiewicz_Sonety XVIII." "mickiewicz_Sonety XX." "mickiewicz_Sonety XXI." "mickiewicz_Sonety XXII."
"0" 76.8031189083821 94.541910331384 90.0584795321637 93.5672514619883 89.8635477582846 95.1267056530214 96.8810916179337 94.9317738791423 97.6608187134503 85.3801169590643 98.4405458089669 92.0077972709552 92.3976608187134 97.4658869395711 98.2456140350877 97.8557504873294 97.4658869395711 97.6608187134503 98.0506822612086 97.8557504873294 98.0506822612086 98.0506822612086 98.4405458089669 97.8557504873294 98.8304093567251 98.8304093567251 98.2456140350877 97.6608187134503 98.2456140350877 97.8557504873294 98.4405458089669 97.8557504873294 97.6608187134503 97.8557504873294 98.8304093567251 98.0506822612086 97.0760233918129 97.4658869395711 98.2456140350877 96.8810916179337 98.0506822612086 98.0506822612086 98.4405458089669 96.8810916179337 97.4658869395711 97.4658869395711 97.6608187134503 97.4658869395711 98.2456140350877 97.8557504873294 96.1013645224172 96.8810916179337 98.4405458089669
"0.00321543408360129" 10.1364522417154 0 0 0 0 0 0 0 0 0 0 0 0 0 0 0 0 0 0 0 0 0 0 0 0 0 0 0 0 0 0 0 0 0 0 0 0 0 0 0 0 0 0 0 0 0 0 0 0 0 0 0 0
"0.00641025641025641" 0 0 0 0 0 0 0 0 0 6.82261208576998 0 0 0 0 0 0 0 0 0 0 0 0 0 0 0 0 0 0 0 0 0 0 0 0 0 0 0 0 0 0 0 0 0 0 0 0 0 0 0 0 0 0 0
"0.0606060606060606" 0 0 0 0 0 0 0 0 0 0 0 0 0 0 0 0 0 0 0 0 0 0 0 0 0 0 0 1.364522417154 0 0 0 0 0 0 0 0 0 1.94931773879142 0 0 0 0 0 0 1.94931773879142 1.364522417154 0 0 0 0 0 0 0
"0.0106951871657754" 0 0 0 0 5.45808966861598 0 0 0 0 0 0 0 0 0 0 0 0 0 0 0 0 0 0 0 0 0 0 0 0 0 0 0 0 0 0 0 0 0 0 0 0 0 0 0 0 0 0 0 0 0 0 0 0
"0.0105263157894737" 0 0 5.0682261208577 0 0 0 0 0 0 0 0 0 0 0 0 0 0 0 0 0 0 0 0 0 0 0 0 0 0 0 0 0 0 0 0 0 0 0 0 0 0 0 0 0 0 0 0 0 0 0 0 0 0
"0.0555555555555556" 0 0 0 0 0 0 0 0 0 0 0 0 0 0 0 0 1.55945419103314 0 0 0 0 0 0 0 0 0 0 0 0 0 0 0 1.364522417154 0 0 0 1.94931773879142 0 0 0 0 0 0 0 0 0 0 0 0 0 0 0 0
"0.00482315112540193" 4.48343079922027 0 0 0 0 0 0 0 0 0 0 0 0 0 0 0 0 0 0 0 0 0 0 0 0 0 0 0 0 0 0 0 0 0 0 0 0 0 0 0 0 0 0 0 0 0 0 0 0 0 0 0 0
"0.0526315789473684" 0 0 0.194931773879142 0 0 0 0 0 0 0 0 0 0 0 0 0 0 0 0 0 0 0 0 0 0 0 0 0 0 0 0 0 0 0 0 0 0 0 0 0 0 0 0 2.53411306042885 0 0 0 1.75438596491228 0 0 0 0 0
"0.0540540540540541" 0 0 0 0 0 0 2.14424951267057 0 0 0 0 0 0 0 0 0 0 0 0 0 0 0 0 0 0 0 0 0 0 0 0 0 0 0 0 0 0 0 0 0 0 0 0 0 0 0 0 0 0 0 0 2.33918128654971 0
"0.0137931034482759" 0 0 0 0 0 0 0 0 0 0 0 4.09356725146199 0 0 0 0 0 0 0 0 0 0 0 0 0 0 0 0 0 0 0 0 0 0 0 0 0 0 0 0 0 0 0 0 0 0 0 0 0 0 0 0 0
"0.0769230769230769" 0 0 0 0 0 0 0 0 0 0 0 0 0 0 0 1.55945419103314 0 0 0 0 0 0 0 0 0 0 0 0 0 0 0 0 0 0 0 0.974658869395711 0 0 0 0 0 0 0 0 0 0 0 0 0 1.55945419103314 0 0 0
"0.0833333333333333" 0 0 0 0 0 0 0 0 0 0 0 0 0 0 0 0 0 0 0 0 0 0 0 0 0 0 1.16959064327485 0 0 1.75438596491228 0 0 0.194931773879142 0 0 0 0.779727095516569 0 0 0 0 0 0 0 0 0 0 0 0 0 0 0 0
"0.1" 0 0 0 0 0 0 0 0 0 0 0 0 0 0 0 0 0 0 0 0 0 0 0.974658869395711 0 0 0 0 0 0 0 0 0 0 0 0 0 0 0 0 0 0 0.584795321637427 1.16959064327485 0 0 0 0 0 0 0 0 0 0.974658869395711
"0.0147058823529412" 0 0 0 0 0 0 0 0 0 0 0 0 3.31384015594542 0 0 0 0 0 0 0 0 0 0 0 0 0 0 0 0 0 0 0 0 0 0 0 0 0 0 0 0 0 0 0 0 0 0 0 0 0 0 0 0
"0.0689655172413793" 0 0 0 0 0 0 0 0 0 0 0 0.194931773879142 0 0 0 0 0 0 0 0 0 0.974658869395711 0 0 0 0 0 0 0.974658869395711 0 0 0 0 1.16959064327485 0 0 0 0 0 0 0 0 0 0 0 0 0 0 0 0 0 0 0
"0.00961538461538462" 0 0 0 0 0 0 0 0 0 3.11890838206628 0 0 0 0 0 0 0 0 0 0 0 0 0 0 0 0 0 0 0 0 0 0 0 0 0 0 0 0 0 0 0 0 0 0 0 0 0 0 0 0 0 0 0
"0.0175438596491228" 0 0 0 3.11890838206628 0 0 0 0 0 0 0 0 0 0 0 0 0 0 0 0 0 0 0 0 0 0 0 0 0 0 0 0 0 0 0 0 0 0 0 0 0 0 0 0 0 0 0 0 0 0 0 0 0
"0.0240963855421687" 0 0 0 0 0 0 0 2.92397660818713 0 0 0 0 0 0 0 0 0 0 0 0 0 0 0 0 0 0 0 0 0 0 0 0 0 0 0 0 0 0 0 0 0 0 0 0 0 0 0 0 0 0 0 0 0
"0.0740740740740741" 0 0 0 0 0 0 0 0 0 0 0 0 0 0 0 0 0 0 0 1.364522417154 1.55945419103314 0 0 0 0 0 0 0 0 0 0 0 0 0 0 0 0 0 0 0 0 0 0 0 0 0 0 0 0 0 0 0 0
"0.105263157894737" 0 0 0 0 0 0 0 0 0 0 1.16959064327485 0 0 0 0 0 0 0 0 0 0 0 0 0 0 0 0 0 0 0 0 0 0 0 0 0 0 0 0 0 0 0 0 0.194931773879142 0 0 0 0 1.55945419103314 0 0 0 0
"0.0408163265306122" 0 0 0 0 0 0 0 0 0 0 0 0 0 0 0 0 0 0 0 0 0 0 0 0 0 0 0 0 0 0 0 0 0 0 0 0 0 0 0 0 0 0 0 0 0 0 0 0 0 0 2.72904483430799 0 0
"0.0571428571428571" 0 0 0 0 0 0 0 0 0 0 0 0 0 0 0 0 0 0 0 0 0 0 0 1.364522417154 0 0 0 0 0 0 0 0 0 0 0 0 0 0 0 0 1.16959064327485 0 0 0 0 0 0 0 0 0 0 0 0
"0.0625" 0 0 0 0 0 0 0 0 0 0 0 0 0 0 0 0 0 0 0 0 0 0 0 0 0 0 0 0 0 0 0 0 0 0 0 0 0 0 0.974658869395711 0 0 0 0 0 0 0 1.55945419103314 0 0 0 0 0 0
"0.08" 0 0 0 0 0 0 0 0 0 0 0 0 0 0 0.974658869395711 0 0 0 0 0 0 0 0 0 0 0 0 0 0 0 0 1.55945419103314 0 0 0 0 0 0 0 0 0 0 0 0 0 0 0 0 0 0 0 0 0
"0.111111111111111" 0 0 0 0 0 0 0 0 0 0 0 0 0 0 0 0 0.974658869395711 0 0 0.584795321637427 0.194931773879142 0 0 0 0 0 0 0 0 0 0 0 0.584795321637427 0 0 0 0.194931773879142 0 0 0 0 0 0 0 0 0 0 0 0 0 0 0 0
"0.0194174757281553" 0 2.33918128654971 0 0 0 0 0 0 0 0 0 0 0 0 0 0 0 0 0 0 0 0 0 0 0 0 0 0 0 0 0 0 0 0 0 0 0 0 0 0 0 0 0 0 0 0 0 0 0 0 0 0 0
"0.0487804878048781" 0 0 0 0 0 0 0 0 0 0 0 0 0 0 0 0 0 0 0 0 0 0 0 0 0 0 0 0 0 0 0 0 0 0 0 0 0 0 0 2.33918128654971 0 0 0 0 0 0 0 0 0 0 0 0 0
"0.0588235294117647" 0 0 0 0 0.389863547758285 0 0 0 0 0 0 0 0.194931773879142 1.75438596491228 0 0 0 0 0 0 0 0 0 0 0 0 0 0 0 0 0 0 0 0 0 0 0 0 0 0 0 0 0 0 0 0 0 0 0 0 0 0 0
"0.117647058823529" 0 0 0 0 0 0 0 0 0 0 0 0 0 0.389863547758285 0 0 0 0 0 0 0 0 0 0 0 0.584795321637427 0 0 0 0 1.364522417154 0 0 0 0 0 0 0 0 0 0 0 0 0 0 0 0 0 0 0 0 0 0
"0.0161290322580645" 0 0 0 0 0 2.14424951267057 0 0 0 0 0 0 0 0 0 0 0 0 0 0 0 0 0 0 0 0 0 0 0 0 0 0 0 0 0 0 0 0 0 0 0 0 0 0 0 0 0 0 0 0 0 0 0
"0.0157894736842105" 0 0 1.94931773879142 0 0 0 0 0 0 0 0 0 0 0 0 0 0 0 0 0 0 0 0 0 0 0 0 0 0 0 0 0 0 0 0 0 0 0 0 0 0 0 0 0 0 0 0 0 0 0 0 0 0
"0.0909090909090909" 0 0 0 0 0 0 0 0 0 0 0 0 0 0 0 0 0 0 0 0 0 0 0 0 0 0 0 0.584795321637427 0 0 0 0 0 0 0 0 0 0.194931773879142 0 0 0 0 0 0 0.194931773879142 0.974658869395711 0 0 0 0 0 0 0
"0.00643086816720257" 1.75438596491228 0 0 0 0 0 0 0 0 0 0 0 0 0 0 0 0 0 0 0 0 0 0 0 0 0 0 0 0 0 0 0 0 0 0 0 0 0 0 0 0 0 0 0 0 0 0 0 0 0 0 0 0
"0.0160427807486631" 0 0 0 0 1.75438596491228 0 0 0 0 0 0 0 0 0 0 0 0 0 0 0 0 0 0 0 0 0 0 0 0 0 0 0 0 0 0 0 0 0 0 0 0 0 0 0 0 0 0 0 0 0 0 0 0
"0.0220588235294118" 0 0 0 0 0 0 0 0 0 0 0 0 1.75438596491228 0 0 0 0 0 0 0 0 0 0 0 0 0 0 0 0 0 0 0 0 0 0 0 0 0 0 0 0 0 0 0 0 0 0 0 0 0 0 0 0
"0.0714285714285714" 0 0 0 0 0 0 0 0 1.75438596491228 0 0 0 0 0 0 0 0 0 0 0 0 0 0 0 0 0 0 0 0 0 0 0 0 0 0 0 0 0 0 0 0 0 0 0 0 0 0 0 0 0 0 0 0
"0.029126213592233" 0 1.55945419103314 0 0 0 0 0 0 0 0 0 0 0 0 0 0 0 0 0 0 0 0 0 0 0 0 0 0 0 0 0 0 0 0 0 0 0 0 0 0 0 0 0 0 0 0 0 0 0 0 0 0 0
"0.0645161290322581" 0 0 0 0 0 0 0 0 0 0 0 0 0 0 0 0 0 1.55945419103314 0 0 0 0 0 0 0 0 0 0 0 0 0 0 0 0 0 0 0 0 0 0 0 0 0 0 0 0 0 0 0 0 0 0 0
"0.0810810810810811" 0 0 0 0 0 0 0.974658869395711 0 0 0 0 0 0 0 0 0 0 0 0 0 0 0 0 0 0 0 0 0 0 0 0 0 0 0 0 0 0 0 0 0 0 0 0 0 0 0 0 0 0 0 0 0.584795321637427 0
"0.115384615384615" 0 0 0 0 0 0 0 0 0 0 0 0 0 0 0 0.389863547758285 0 0 0 0 0 0 0 0 0 0 0 0 0 0 0 0 0 0 0 0.779727095516569 0 0 0 0 0 0 0 0 0 0 0 0 0 0.389863547758285 0 0 0
"0.00803858520900321" 1.364522417154 0 0 0 0 0 0 0 0 0 0 0 0 0 0 0 0 0 0 0 0 0 0 0 0 0 0 0 0 0 0 0 0 0 0 0 0 0 0 0 0 0 0 0 0 0 0 0 0 0 0 0 0
"0.0206896551724138" 0 0 0 0 0 0 0 0 0 0 0 1.364522417154 0 0 0 0 0 0 0 0 0 0 0 0 0 0 0 0 0 0 0 0 0 0 0 0 0 0 0 0 0 0 0 0 0 0 0 0 0 0 0 0 0
"0.0210526315789474" 0 0 1.364522417154 0 0 0 0 0 0 0 0 0 0 0 0 0 0 0 0 0 0 0 0 0 0 0 0 0 0 0 0 0 0 0 0 0 0 0 0 0 0 0 0 0 0 0 0 0 0 0 0 0 0
"0.0263157894736842" 0 0 0.194931773879142 1.16959064327485 0 0 0 0 0 0 0 0 0 0 0 0 0 0 0 0 0 0 0 0 0 0 0 0 0 0 0 0 0 0 0 0 0 0 0 0 0 0 0 0 0 0 0 0 0 0 0 0 0
"0.0350877192982456" 0 0 0 1.364522417154 0 0 0 0 0 0 0 0 0 0 0 0 0 0 0 0 0 0 0 0 0 0 0 0 0 0 0 0 0 0 0 0 0 0 0 0 0 0 0 0 0 0 0 0 0 0 0 0 0
"0.0869565217391304" 0 0 0 0 0 0 0 0 0 0 0 0 0 0 0 0 0 0 1.364522417154 0 0 0 0 0 0 0 0 0 0 0 0 0 0 0 0 0 0 0 0 0 0 0 0 0 0 0 0 0 0 0 0 0 0
"0.133333333333333" 0 0 0 0 0 0 0 0 0 0 0 0 0 0 0 0 0 0 0 0 0 0 0 0 0.974658869395711 0 0 0 0 0 0 0 0 0 0 0 0 0 0 0 0 0.389863547758285 0 0 0 0 0 0 0 0 0 0 0
"0.00964630225080386" 1.16959064327485 0 0 0 0 0 0 0 0 0 0 0 0 0 0 0 0 0 0 0 0 0 0 0 0 0 0 0 0 0 0 0 0 0 0 0 0 0 0 0 0 0 0 0 0 0 0 0 0 0 0 0 0
"0.0241935483870968" 0 0 0 0 0 1.16959064327485 0 0 0 0 0 0 0 0 0 0 0 0 0 0 0 0 0 0 0 0 0 0 0 0 0 0 0 0 0 0 0 0 0 0 0 0 0 0 0 0 0 0 0 0 0 0 0
"0.103448275862069" 0 0 0 0 0 0 0 0 0 0 0 0 0 0 0 0 0 0 0 0 0 0.584795321637427 0 0 0 0 0 0 0 0 0 0 0 0.584795321637427 0 0 0 0 0 0 0 0 0 0 0 0 0 0 0 0 0 0 0
"0.0128205128205128" 0 0 0 0 0 0 0 0 0 0.974658869395711 0 0 0 0 0 0 0 0 0 0 0 0 0 0 0 0 0 0 0 0 0 0 0 0 0 0 0 0 0 0 0 0 0 0 0 0 0 0 0 0 0 0 0
"0.0213903743315508" 0 0 0 0 0.974658869395711 0 0 0 0 0 0 0 0 0 0 0 0 0 0 0 0 0 0 0 0 0 0 0 0 0 0 0 0 0 0 0 0 0 0 0 0 0 0 0 0 0 0 0 0 0 0 0 0
"0.0294117647058824" 0 0 0 0 0 0 0 0 0 0 0 0 0.974658869395711 0 0 0 0 0 0 0 0 0 0 0 0 0 0 0 0 0 0 0 0 0 0 0 0 0 0 0 0 0 0 0 0 0 0 0 0 0 0 0 0
"0.0612244897959184" 0 0 0 0 0 0 0 0 0 0 0 0 0 0 0 0 0 0 0 0 0 0 0 0 0 0 0 0 0 0 0 0 0 0 0 0 0 0 0 0 0 0 0 0 0 0 0 0 0 0 0.974658869395711 0 0
"0.12" 0 0 0 0 0 0 0 0 0 0 0 0 0 0 0.389863547758285 0 0 0 0 0 0 0 0 0 0 0 0 0 0 0 0 0.584795321637427 0 0 0 0 0 0 0 0 0 0 0 0 0 0 0 0 0 0 0 0 0
"0.125" 0 0 0 0 0 0 0 0 0 0 0 0 0 0 0 0 0 0 0 0 0 0 0 0 0 0 0 0 0 0.389863547758285 0 0 0 0 0.584795321637427 0 0 0 0 0 0 0 0 0 0 0 0 0 0 0 0 0 0
"0.15" 0 0 0 0 0 0 0 0 0 0 0 0 0 0 0 0 0 0 0 0 0 0 0.389863547758285 0 0 0 0 0 0 0 0 0 0 0 0 0 0 0 0 0 0 0 0.194931773879142 0 0 0 0 0 0 0 0 0 0.389863547758285
"0.0128617363344051" 0.779727095516569 0 0 0 0 0 0 0 0 0 0 0 0 0 0 0 0 0 0 0 0 0 0 0 0 0 0 0 0 0 0 0 0 0 0 0 0 0 0 0 0 0 0 0 0 0 0 0 0 0 0 0 0
"0.016025641025641" 0 0 0 0 0 0 0 0 0 0.779727095516569 0 0 0 0 0 0 0 0 0 0 0 0 0 0 0 0 0 0 0 0 0 0 0 0 0 0 0 0 0 0 0 0 0 0 0 0 0 0 0 0 0 0 0
"0.0267379679144385" 0 0 0 0 0.779727095516569 0 0 0 0 0 0 0 0 0 0 0 0 0 0 0 0 0 0 0 0 0 0 0 0 0 0 0 0 0 0 0 0 0 0 0 0 0 0 0 0 0 0 0 0 0 0 0 0
"0.036144578313253" 0 0 0 0 0 0 0 0.779727095516569 0 0 0 0 0 0 0 0 0 0 0 0 0 0 0 0 0 0 0 0 0 0 0 0 0 0 0 0 0 0 0 0 0 0 0 0 0 0 0 0 0 0 0 0 0
"0.0666666666666667" 0 0 0 0 0 0 0 0 0 0 0 0 0 0 0 0 0 0 0 0 0 0 0 0 0 0 0 0 0 0 0 0 0 0 0 0 0 0 0 0 0 0.779727095516569 0 0 0 0 0 0 0 0 0 0 0
"0.0679611650485437" 0 0.779727095516569 0 0 0 0 0 0 0 0 0 0 0 0 0 0 0 0 0 0 0 0 0 0 0 0 0 0 0 0 0 0 0 0 0 0 0 0 0 0 0 0 0 0 0 0 0 0 0 0 0 0 0
"0.09375" 0 0 0 0 0 0 0 0 0 0 0 0 0 0 0 0 0 0 0 0 0 0 0 0 0 0 0 0 0 0 0 0 0 0 0 0 0 0 0.389863547758285 0 0 0 0 0 0 0 0.389863547758285 0 0 0 0 0 0
"0.137931034482759" 0 0 0 0 0 0 0 0 0 0 0 0 0 0 0 0 0 0 0 0 0 0.194931773879142 0 0 0 0 0 0 0.194931773879142 0 0 0 0 0.389863547758285 0 0 0 0 0 0 0 0 0 0 0 0 0 0 0 0 0 0 0
"0.151515151515152" 0 0 0 0 0 0 0 0 0 0 0 0 0 0 0 0 0 0 0 0 0 0 0 0 0 0 0 0 0 0 0 0 0 0 0 0 0 0.389863547758285 0 0 0 0 0 0 0.389863547758285 0 0 0 0 0 0 0 0
"0.166666666666667" 0 0 0 0 0 0 0 0 0 0 0 0 0 0 0 0 0 0 0 0 0 0 0 0 0 0 0.584795321637427 0 0 0 0 0 0 0 0 0 0 0 0 0 0 0.194931773879142 0 0 0 0 0 0 0 0 0 0 0
"0.2" 0 0 0 0 0 0 0 0 0 0 0 0 0 0 0.194931773879142 0 0 0 0 0 0 0 0.194931773879142 0.194931773879142 0 0 0 0 0 0 0 0 0 0 0 0 0 0 0 0 0 0 0 0 0 0 0 0 0 0 0 0 0.194931773879142
"0.0112540192926045" 0.584795321637427 0 0 0 0 0 0 0 0 0 0 0 0 0 0 0 0 0 0 0 0 0 0 0 0 0 0 0 0 0 0 0 0 0 0 0 0 0 0 0 0 0 0 0 0 0 0 0 0 0 0 0 0
"0.0192307692307692" 0 0 0 0 0 0 0 0 0 0.584795321637427 0 0 0 0 0 0 0 0 0 0 0 0 0 0 0 0 0 0 0 0 0 0 0 0 0 0 0 0 0 0 0 0 0 0 0 0 0 0 0 0 0 0 0
"0.0275862068965517" 0 0 0 0 0 0 0 0 0 0 0 0.584795321637427 0 0 0 0 0 0 0 0 0 0 0 0 0 0 0 0 0 0 0 0 0 0 0 0 0 0 0 0 0 0 0 0 0 0 0 0 0 0 0 0 0
"0.032051282051282" 0 0 0 0 0 0 0 0 0 0.584795321637427 0 0 0 0 0 0 0 0 0 0 0 0 0 0 0 0 0 0 0 0 0 0 0 0 0 0 0 0 0 0 0 0 0 0 0 0 0 0 0 0 0 0 0
"0.0321543408360129" 0.584795321637427 0 0 0 0 0 0 0 0 0 0 0 0 0 0 0 0 0 0 0 0 0 0 0 0 0 0 0 0 0 0 0 0 0 0 0 0 0 0 0 0 0 0 0 0 0 0 0 0 0 0 0 0
"0.0344827586206897" 0 0 0 0 0 0 0 0 0 0 0 0.584795321637427 0 0 0 0 0 0 0 0 0 0 0 0 0 0 0 0 0 0 0 0 0 0 0 0 0 0 0 0 0 0 0 0 0 0 0 0 0 0 0 0 0
"0.0413793103448276" 0 0 0 0 0 0 0 0 0 0 0 0.584795321637427 0 0 0 0 0 0 0 0 0 0 0 0 0 0 0 0 0 0 0 0 0 0 0 0 0 0 0 0 0 0 0 0 0 0 0 0 0 0 0 0 0
"0.0441176470588235" 0 0 0 0 0 0 0 0 0 0 0 0 0.584795321637427 0 0 0 0 0 0 0 0 0 0 0 0 0 0 0 0 0 0 0 0 0 0 0 0 0 0 0 0 0 0 0 0 0 0 0 0 0 0 0 0
"0.0481927710843374" 0 0 0 0 0 0 0 0.584795321637427 0 0 0 0 0 0 0 0 0 0 0 0 0 0 0 0 0 0 0 0 0 0 0 0 0 0 0 0 0 0 0 0 0 0 0 0 0 0 0 0 0 0 0 0 0
"0.0731707317073171" 0 0 0 0 0 0 0 0 0 0 0 0 0 0 0 0 0 0 0 0 0 0 0 0 0 0 0 0 0 0 0 0 0 0 0 0 0 0 0 0.584795321637427 0 0 0 0 0 0 0 0 0 0 0 0 0
"0.0789473684210526" 0 0 0 0 0 0 0 0 0 0 0 0 0 0 0 0 0 0 0 0 0 0 0 0 0 0 0 0 0 0 0 0 0 0 0 0 0 0 0 0 0 0 0 0.194931773879142 0 0 0 0.389863547758285 0 0 0 0 0
"0.114285714285714" 0 0 0 0 0 0 0 0 0 0 0 0 0 0 0 0 0 0 0 0 0 0 0 0.389863547758285 0 0 0 0 0 0 0 0 0 0 0 0 0 0 0 0 0.194931773879142 0 0 0 0 0 0 0 0 0 0 0 0
"0.130434782608696" 0 0 0 0 0 0 0 0 0 0 0 0 0 0 0 0 0 0 0.584795321637427 0 0 0 0 0 0 0 0 0 0 0 0 0 0 0 0 0 0 0 0 0 0 0 0 0 0 0 0 0 0 0 0 0 0
"0.131578947368421" 0 0 0.194931773879142 0 0 0 0 0 0 0 0 0 0 0 0 0 0 0 0 0 0 0 0 0 0 0 0 0 0 0 0 0 0 0 0 0 0 0 0 0 0 0 0 0.194931773879142 0 0 0 0.194931773879142 0 0 0 0 0
"0.153846153846154" 0 0 0 0 0 0 0 0 0 0 0 0 0 0 0 0.194931773879142 0 0 0 0 0 0 0 0 0 0 0 0 0 0 0 0 0 0 0 0.194931773879142 0 0 0 0 0 0 0 0 0 0 0 0 0 0.194931773879142 0 0 0
"0.172413793103448" 0 0 0 0 0 0 0 0 0 0 0 0 0 0 0 0 0 0 0 0 0 0 0 0 0 0 0 0 0.584795321637427 0 0 0 0 0 0 0 0 0 0 0 0 0 0 0 0 0 0 0 0 0 0 0 0
"0.176470588235294" 0 0 0 0 0 0 0 0 0 0 0 0 0 0 0 0 0 0 0 0 0 0 0 0 0 0.389863547758285 0 0 0 0 0.194931773879142 0 0 0 0 0 0 0 0 0 0 0 0 0 0 0 0 0 0 0 0 0 0
"0.1875" 0 0 0 0 0 0 0 0 0 0 0 0 0 0 0 0 0 0 0 0 0 0 0 0 0 0 0 0 0 0 0 0 0 0 0.389863547758285 0 0 0 0.194931773879142 0 0 0 0 0 0 0 0 0 0 0 0 0 0
"0.0176848874598071" 0.389863547758285 0 0 0 0 0 0 0 0 0 0 0 0 0 0 0 0 0 0 0 0 0 0 0 0 0 0 0 0 0 0 0 0 0 0 0 0 0 0 0 0 0 0 0 0 0 0 0 0 0 0 0 0
"0.0241157556270096" 0.389863547758285 0 0 0 0 0 0 0 0 0 0 0 0 0 0 0 0 0 0 0 0 0 0 0 0 0 0 0 0 0 0 0 0 0 0 0 0 0 0 0 0 0 0 0 0 0 0 0 0 0 0 0 0
"0.0352564102564103" 0 0 0 0 0 0 0 0 0 0.389863547758285 0 0 0 0 0 0 0 0 0 0 0 0 0 0 0 0 0 0 0 0 0 0 0 0 0 0 0 0 0 0 0 0 0 0 0 0 0 0 0 0 0 0 0
"0.0367647058823529" 0 0 0 0 0 0 0 0 0 0 0 0 0.389863547758285 0 0 0 0 0 0 0 0 0 0 0 0 0 0 0 0 0 0 0 0 0 0 0 0 0 0 0 0 0 0 0 0 0 0 0 0 0 0 0 0
"0.0388349514563107" 0 0.389863547758285 0 0 0 0 0 0 0 0 0 0 0 0 0 0 0 0 0 0 0 0 0 0 0 0 0 0 0 0 0 0 0 0 0 0 0 0 0 0 0 0 0 0 0 0 0 0 0 0 0 0 0
"0.0421052631578947" 0 0 0.389863547758285 0 0 0 0 0 0 0 0 0 0 0 0 0 0 0 0 0 0 0 0 0 0 0 0 0 0 0 0 0 0 0 0 0 0 0 0 0 0 0 0 0 0 0 0 0 0 0 0 0 0
"0.053475935828877" 0 0 0 0 0.389863547758285 0 0 0 0 0 0 0 0 0 0 0 0 0 0 0 0 0 0 0 0 0 0 0 0 0 0 0 0 0 0 0 0 0 0 0 0 0 0 0 0 0 0 0 0 0 0 0 0
"0.0602409638554217" 0 0 0 0 0 0 0 0.389863547758285 0 0 0 0 0 0 0 0 0 0 0 0 0 0 0 0 0 0 0 0 0 0 0 0 0 0 0 0 0 0 0 0 0 0 0 0 0 0 0 0 0 0 0 0 0
"0.0857142857142857" 0 0 0 0 0 0 0 0 0 0 0 0 0 0 0 0 0 0 0 0 0 0 0 0 0 0 0 0 0 0 0 0 0 0 0 0 0 0 0 0 0.389863547758285 0 0 0 0 0 0 0 0 0 0 0 0
"0.0882352941176471" 0 0 0 0 0 0 0 0 0 0 0 0 0.194931773879142 0.194931773879142 0 0 0 0 0 0 0 0 0 0 0 0 0 0 0 0 0 0 0 0 0 0 0 0 0 0 0 0 0 0 0 0 0 0 0 0 0 0 0
"0.0967741935483871" 0 0 0 0 0 0 0 0 0 0 0 0 0 0 0 0 0 0.389863547758285 0 0 0 0 0 0 0 0 0 0 0 0 0 0 0 0 0 0 0 0 0 0 0 0 0 0 0 0 0 0 0 0 0 0 0
"0.107142857142857" 0 0 0 0 0 0 0 0 0.389863547758285 0 0 0 0 0 0 0 0 0 0 0 0 0 0 0 0 0 0 0 0 0 0 0 0 0 0 0 0 0 0 0 0 0 0 0 0 0 0 0 0 0 0 0 0
"0.121212121212121" 0 0 0 0 0 0 0 0 0 0 0 0 0 0 0 0 0 0 0 0 0 0 0 0 0 0 0 0.194931773879142 0 0 0 0 0 0 0 0 0 0 0 0 0 0 0 0 0 0.194931773879142 0 0 0 0 0 0 0
"0.145161290322581" 0 0 0 0 0 0.389863547758285 0 0 0 0 0 0 0 0 0 0 0 0 0 0 0 0 0 0 0 0 0 0 0 0 0 0 0 0 0 0 0 0 0 0 0 0 0 0 0 0 0 0 0 0 0 0 0
"0.15625" 0 0 0 0 0 0 0 0 0 0 0 0 0 0 0 0 0 0 0 0 0 0 0 0 0 0 0 0 0 0 0 0 0 0 0 0 0 0 0 0 0 0 0 0 0 0 0.389863547758285 0 0 0 0 0 0
"0.157894736842105" 0 0 0 0 0 0 0 0 0 0 0.194931773879142 0 0 0 0 0 0 0 0 0 0 0 0 0 0 0 0 0 0 0 0 0 0 0 0 0 0 0 0 0 0 0 0 0 0 0 0 0 0.194931773879142 0 0 0 0
"0.25" 0 0 0 0 0 0 0 0 0 0 0 0 0 0 0 0 0 0 0 0 0 0 0 0 0 0 0 0 0 0 0 0 0 0 0.194931773879142 0 0 0 0 0 0 0 0.194931773879142 0 0 0 0 0 0 0 0 0 0
"0.0144694533762058" 0.194931773879142 0 0 0 0 0 0 0 0 0 0 0 0 0 0 0 0 0 0 0 0 0 0 0 0 0 0 0 0 0 0 0 0 0 0 0 0 0 0 0 0 0 0 0 0 0 0 0 0 0 0 0 0
"0.0160771704180064" 0.194931773879142 0 0 0 0 0 0 0 0 0 0 0 0 0 0 0 0 0 0 0 0 0 0 0 0 0 0 0 0 0 0 0 0 0 0 0 0 0 0 0 0 0 0 0 0 0 0 0 0 0 0 0 0
"0.0224358974358974" 0 0 0 0 0 0 0 0 0 0.194931773879142 0 0 0 0 0 0 0 0 0 0 0 0 0 0 0 0 0 0 0 0 0 0 0 0 0 0 0 0 0 0 0 0 0 0 0 0 0 0 0 0 0 0 0
"0.022508038585209" 0.194931773879142 0 0 0 0 0 0 0 0 0 0 0 0 0 0 0 0 0 0 0 0 0 0 0 0 0 0 0 0 0 0 0 0 0 0 0 0 0 0 0 0 0 0 0 0 0 0 0 0 0 0 0 0
"0.0256410256410256" 0 0 0 0 0 0 0 0 0 0.194931773879142 0 0 0 0 0 0 0 0 0 0 0 0 0 0 0 0 0 0 0 0 0 0 0 0 0 0 0 0 0 0 0 0 0 0 0 0 0 0 0 0 0 0 0
"0.0288461538461538" 0 0 0 0 0 0 0 0 0 0.194931773879142 0 0 0 0 0 0 0 0 0 0 0 0 0 0 0 0 0 0 0 0 0 0 0 0 0 0 0 0 0 0 0 0 0 0 0 0 0 0 0 0 0 0 0
"0.0305466237942122" 0.194931773879142 0 0 0 0 0 0 0 0 0 0 0 0 0 0 0 0 0 0 0 0 0 0 0 0 0 0 0 0 0 0 0 0 0 0 0 0 0 0 0 0 0 0 0 0 0 0 0 0 0 0 0 0
"0.0315789473684211" 0 0 0.194931773879142 0 0 0 0 0 0 0 0 0 0 0 0 0 0 0 0 0 0 0 0 0 0 0 0 0 0 0 0 0 0 0 0 0 0 0 0 0 0 0 0 0 0 0 0 0 0 0 0 0 0
"0.032258064516129" 0 0 0 0 0 0.194931773879142 0 0 0 0 0 0 0 0 0 0 0 0 0 0 0 0 0 0 0 0 0 0 0 0 0 0 0 0 0 0 0 0 0 0 0 0 0 0 0 0 0 0 0 0 0 0 0
"0.0353697749196141" 0.194931773879142 0 0 0 0 0 0 0 0 0 0 0 0 0 0 0 0 0 0 0 0 0 0 0 0 0 0 0 0 0 0 0 0 0 0 0 0 0 0 0 0 0 0 0 0 0 0 0 0 0 0 0 0
"0.0368421052631579" 0 0 0.194931773879142 0 0 0 0 0 0 0 0 0 0 0 0 0 0 0 0 0 0 0 0 0 0 0 0 0 0 0 0 0 0 0 0 0 0 0 0 0 0 0 0 0 0 0 0 0 0 0 0 0 0
"0.0384615384615385" 0 0 0 0 0 0 0 0 0 0.194931773879142 0 0 0 0 0 0 0 0 0 0 0 0 0 0 0 0 0 0 0 0 0 0 0 0 0 0 0 0 0 0 0 0 0 0 0 0 0 0 0 0 0 0 0
"0.0403225806451613" 0 0 0 0 0 0.194931773879142 0 0 0 0 0 0 0 0 0 0 0 0 0 0 0 0 0 0 0 0 0 0 0 0 0 0 0 0 0 0 0 0 0 0 0 0 0 0 0 0 0 0 0 0 0 0 0
"0.0427807486631016" 0 0 0 0 0.194931773879142 0 0 0 0 0 0 0 0 0 0 0 0 0 0 0 0 0 0 0 0 0 0 0 0 0 0 0 0 0 0 0 0 0 0 0 0 0 0 0 0 0 0 0 0 0 0 0 0
"0.0448717948717949" 0 0 0 0 0 0 0 0 0 0.194931773879142 0 0 0 0 0 0 0 0 0 0 0 0 0 0 0 0 0 0 0 0 0 0 0 0 0 0 0 0 0 0 0 0 0 0 0 0 0 0 0 0 0 0 0
"0.0466237942122186" 0.194931773879142 0 0 0 0 0 0 0 0 0 0 0 0 0 0 0 0 0 0 0 0 0 0 0 0 0 0 0 0 0 0 0 0 0 0 0 0 0 0 0 0 0 0 0 0 0 0 0 0 0 0 0 0
"0.0480769230769231" 0 0 0 0 0 0 0 0 0 0.194931773879142 0 0 0 0 0 0 0 0 0 0 0 0 0 0 0 0 0 0 0 0 0 0 0 0 0 0 0 0 0 0 0 0 0 0 0 0 0 0 0 0 0 0 0
"0.0482758620689655" 0 0 0 0 0 0 0 0 0 0 0 0.194931773879142 0 0 0 0 0 0 0 0 0 0 0 0 0 0 0 0 0 0 0 0 0 0 0 0 0 0 0 0 0 0 0 0 0 0 0 0 0 0 0 0 0
"0.0483870967741935" 0 0 0 0 0 0.194931773879142 0 0 0 0 0 0 0 0 0 0 0 0 0 0 0 0 0 0 0 0 0 0 0 0 0 0 0 0 0 0 0 0 0 0 0 0 0 0 0 0 0 0 0 0 0 0 0
"0.0514705882352941" 0 0 0 0 0 0 0 0 0 0 0 0 0.194931773879142 0 0 0 0 0 0 0 0 0 0 0 0 0 0 0 0 0 0 0 0 0 0 0 0 0 0 0 0 0 0 0 0 0 0 0 0 0 0 0 0
"0.0562700964630225" 0.194931773879142 0 0 0 0 0 0 0 0 0 0 0 0 0 0 0 0 0 0 0 0 0 0 0 0 0 0 0 0 0 0 0 0 0 0 0 0 0 0 0 0 0 0 0 0 0 0 0 0 0 0 0 0
"0.0578947368421053" 0 0 0.194931773879142 0 0 0 0 0 0 0 0 0 0 0 0 0 0 0 0 0 0 0 0 0 0 0 0 0 0 0 0 0 0 0 0 0 0 0 0 0 0 0 0 0 0 0 0 0 0 0 0 0 0
"0.0608974358974359" 0 0 0 0 0 0 0 0 0 0.194931773879142 0 0 0 0 0 0 0 0 0 0 0 0 0 0 0 0 0 0 0 0 0 0 0 0 0 0 0 0 0 0 0 0 0 0 0 0 0 0 0 0 0 0 0
"0.0614035087719298" 0 0 0 0.194931773879142 0 0 0 0 0 0 0 0 0 0 0 0 0 0 0 0 0 0 0 0 0 0 0 0 0 0 0 0 0 0 0 0 0 0 0 0 0 0 0 0 0 0 0 0 0 0 0 0 0
"0.0620689655172414" 0 0 0 0 0 0 0 0 0 0 0 0.194931773879142 0 0 0 0 0 0 0 0 0 0 0 0 0 0 0 0 0 0 0 0 0 0 0 0 0 0 0 0 0 0 0 0 0 0 0 0 0 0 0 0 0
"0.0627009646302251" 0.194931773879142 0 0 0 0 0 0 0 0 0 0 0 0 0 0 0 0 0 0 0 0 0 0 0 0 0 0 0 0 0 0 0 0 0 0 0 0 0 0 0 0 0 0 0 0 0 0 0 0 0 0 0 0
"0.0701754385964912" 0 0 0 0.194931773879142 0 0 0 0 0 0 0 0 0 0 0 0 0 0 0 0 0 0 0 0 0 0 0 0 0 0 0 0 0 0 0 0 0 0 0 0 0 0 0 0 0 0 0 0 0 0 0 0 0
"0.0725806451612903" 0 0 0 0 0 0.194931773879142 0 0 0 0 0 0 0 0 0 0 0 0 0 0 0 0 0 0 0 0 0 0 0 0 0 0 0 0 0 0 0 0 0 0 0 0 0 0 0 0 0 0 0 0 0 0 0
"0.0748663101604278" 0 0 0 0 0.194931773879142 0 0 0 0 0 0 0 0 0 0 0 0 0 0 0 0 0 0 0 0 0 0 0 0 0 0 0 0 0 0 0 0 0 0 0 0 0 0 0 0 0 0 0 0 0 0 0 0
"0.0758620689655172" 0 0 0 0 0 0 0 0 0 0 0 0.194931773879142 0 0 0 0 0 0 0 0 0 0 0 0 0 0 0 0 0 0 0 0 0 0 0 0 0 0 0 0 0 0 0 0 0 0 0 0 0 0 0 0 0
"0.0776699029126214" 0 0.194931773879142 0 0 0 0 0 0 0 0 0 0 0 0 0 0 0 0 0 0 0 0 0 0 0 0 0 0 0 0 0 0 0 0 0 0 0 0 0 0 0 0 0 0 0 0 0 0 0 0 0 0 0
"0.087719298245614" 0 0 0 0.194931773879142 0 0 0 0 0 0 0 0 0 0 0 0 0 0 0 0 0 0 0 0 0 0 0 0 0 0 0 0 0 0 0 0 0 0 0 0 0 0 0 0 0 0 0 0 0 0 0 0 0
"0.0887096774193548" 0 0 0 0 0 0.194931773879142 0 0 0 0 0 0 0 0 0 0 0 0 0 0 0 0 0 0 0 0 0 0 0 0 0 0 0 0 0 0 0 0 0 0 0 0 0 0 0 0 0 0 0 0 0 0 0
"0.0964912280701754" 0 0 0 0.194931773879142 0 0 0 0 0 0 0 0 0 0 0 0 0 0 0 0 0 0 0 0 0 0 0 0 0 0 0 0 0 0 0 0 0 0 0 0 0 0 0 0 0 0 0 0 0 0 0 0 0
"0.104838709677419" 0 0 0 0 0 0.194931773879142 0 0 0 0 0 0 0 0 0 0 0 0 0 0 0 0 0 0 0 0 0 0 0 0 0 0 0 0 0 0 0 0 0 0 0 0 0 0 0 0 0 0 0 0 0 0 0
"0.106796116504854" 0 0.194931773879142 0 0 0 0 0 0 0 0 0 0 0 0 0 0 0 0 0 0 0 0 0 0 0 0 0 0 0 0 0 0 0 0 0 0 0 0 0 0 0 0 0 0 0 0 0 0 0 0 0 0 0
"0.108108108108108" 0 0 0 0 0 0 0 0 0 0 0 0 0 0 0 0 0 0 0 0 0 0 0 0 0 0 0 0 0 0 0 0 0 0 0 0 0 0 0 0 0 0 0 0 0 0 0 0 0 0 0 0.194931773879142 0
"0.108433734939759" 0 0 0 0 0 0 0 0.194931773879142 0 0 0 0 0 0 0 0 0 0 0 0 0 0 0 0 0 0 0 0 0 0 0 0 0 0 0 0 0 0 0 0 0 0 0 0 0 0 0 0 0 0 0 0 0
"0.120481927710843" 0 0 0 0 0 0 0 0.194931773879142 0 0 0 0 0 0 0 0 0 0 0 0 0 0 0 0 0 0 0 0 0 0 0 0 0 0 0 0 0 0 0 0 0 0 0 0 0 0 0 0 0 0 0 0 0
"0.122448979591837" 0 0 0 0 0 0 0 0 0 0 0 0 0 0 0 0 0 0 0 0 0 0 0 0 0 0 0 0 0 0 0 0 0 0 0 0 0 0 0 0 0 0 0 0 0 0 0 0 0 0 0.194931773879142 0 0
"0.129032258064516" 0 0 0 0 0 0 0 0 0 0 0 0 0 0 0 0 0 0.194931773879142 0 0 0 0 0 0 0 0 0 0 0 0 0 0 0 0 0 0 0 0 0 0 0 0 0 0 0 0 0 0 0 0 0 0 0
"0.142857142857143" 0 0 0 0 0 0 0 0 0.194931773879142 0 0 0 0 0 0 0 0 0 0 0 0 0 0 0 0 0 0 0 0 0 0 0 0 0 0 0 0 0 0 0 0 0 0 0 0 0 0 0 0 0 0 0 0
"0.147058823529412" 0 0 0 0 0 0 0 0 0 0 0 0 0 0.194931773879142 0 0 0 0 0 0 0 0 0 0 0 0 0 0 0 0 0 0 0 0 0 0 0 0 0 0 0 0 0 0 0 0 0 0 0 0 0 0 0
"0.148148148148148" 0 0 0 0 0 0 0 0 0 0 0 0 0 0 0 0 0 0 0 0.194931773879142 0 0 0 0 0 0 0 0 0 0 0 0 0 0 0 0 0 0 0 0 0 0 0 0 0 0 0 0 0 0 0 0 0
"0.16" 0 0 0 0 0 0 0 0 0 0 0 0 0 0 0.194931773879142 0 0 0 0 0 0 0 0 0 0 0 0 0 0 0 0 0 0 0 0 0 0 0 0 0 0 0 0 0 0 0 0 0 0 0 0 0 0
"0.161290322580645" 0 0 0 0 0 0 0 0 0 0 0 0 0 0 0 0 0 0.194931773879142 0 0 0 0 0 0 0 0 0 0 0 0 0 0 0 0 0 0 0 0 0 0 0 0 0 0 0 0 0 0 0 0 0 0 0
"0.171428571428571" 0 0 0 0 0 0 0 0 0 0 0 0 0 0 0 0 0 0 0 0 0 0 0 0.194931773879142 0 0 0 0 0 0 0 0 0 0 0 0 0 0 0 0 0 0 0 0 0 0 0 0 0 0 0 0 0
"0.181818181818182" 0 0 0 0 0 0 0 0 0 0 0 0 0 0 0 0 0 0 0 0 0 0 0 0 0 0 0 0.194931773879142 0 0 0 0 0 0 0 0 0 0 0 0 0 0 0 0 0 0 0 0 0 0 0 0 0
"0.194444444444444" 0 0 0 0 0 0 0 0 0 0 0 0 0 0 0 0 0 0 0 0 0 0 0 0 0 0 0 0 0 0 0 0 0.194931773879142 0 0 0 0 0 0 0 0 0 0 0 0 0 0 0 0 0 0 0 0
"0.195121951219512" 0 0 0 0 0 0 0 0 0 0 0 0 0 0 0 0 0 0 0 0 0 0 0 0 0 0 0 0 0 0 0 0 0 0 0 0 0 0 0 0.194931773879142 0 0 0 0 0 0 0 0 0 0 0 0 0
"0.206896551724138" 0 0 0 0 0 0 0 0 0 0 0 0 0 0 0 0 0 0 0 0 0 0.194931773879142 0 0 0 0 0 0 0 0 0 0 0 0 0 0 0 0 0 0 0 0 0 0 0 0 0 0 0 0 0 0 0
"0.210526315789474" 0 0 0 0 0 0 0 0 0 0 0.194931773879142 0 0 0 0 0 0 0 0 0 0 0 0 0 0 0 0 0 0 0 0 0 0 0 0 0 0 0 0 0 0 0 0 0 0 0 0 0 0 0 0 0 0
"0.236842105263158" 0 0 0 0 0 0 0 0 0 0 0 0 0 0 0 0 0 0 0 0 0 0 0 0 0 0 0 0 0 0 0 0 0 0 0 0 0 0 0 0 0 0 0 0 0 0 0 0.194931773879142 0 0 0 0 0
"0.294117647058824" 0 0 0 0 0 0 0 0 0 0 0 0 0 0 0 0 0 0 0 0 0 0 0 0 0 0.194931773879142 0 0 0 0 0 0 0 0 0 0 0 0 0 0 0 0 0 0 0 0 0 0 0 0 0 0 0
"0.296296296296296" 0 0 0 0 0 0 0 0 0 0 0 0 0 0 0 0 0 0 0 0 0.194931773879142 0 0 0 0 0 0 0 0 0 0 0 0 0 0 0 0 0 0 0 0 0 0 0 0 0 0 0 0 0 0 0 0
"0.3125" 0 0 0 0 0 0 0 0 0 0 0 0 0 0 0 0 0 0 0 0 0 0 0 0 0 0 0 0 0 0 0 0 0 0 0 0 0 0 0.194931773879142 0 0 0 0 0 0 0 0 0 0 0 0 0 0
"0.333333333333333" 0 0 0 0 0 0 0 0 0 0 0 0 0 0 0 0 0 0 0 0 0 0 0 0 0.194931773879142 0 0 0 0 0 0 0 0 0 0 0 0 0 0 0 0 0 0 0 0 0 0 0 0 0 0 0 0
"0.371428571428571" 0 0 0 0 0 0 0 0 0 0 0 0 0 0 0 0 0 0 0 0 0 0 0 0 0 0 0 0 0 0 0 0 0 0 0 0 0 0 0 0 0.194931773879142 0 0 0 0 0 0 0 0 0 0 0 0
