# This file contains the words that were used for building the table
# of frequencies. It can be also used for further tasks, and for this
# purpose it can be manually revised, edited, deleted, culled, etc.
# You can either delete unwanted words, or mark them with "#"
# -----------------------------------------------------------------------

0
0.00072463768115942
0.000700770847932726
0.00757575757575758
0.00840336134453781
0.0087719298245614
0.001230012300123
0.00598802395209581
0.0065359477124183
0.00793650793650794
0.00218818380743982
0.00694444444444444
0.00854700854700855
0.00226757369614512
0.00347222222222222
0.00340136054421769
0.0099009900990099
0.00416666666666667
0.00892857142857143
0.0033003300330033
0.00806451612903226
0.00813008130081301
0.00884955752212389
0.00819672131147541
0.00847457627118644
0.00900900900900901
0.00769230769230769
0.00323624595469256
0.00826446280991736
0.00315457413249211
0.0045045045045045
0.00925925925925926
0.0029940119760479
0.00578034682080925
0.004
0.00609756097560976
0.00641025641025641
0.00645161290322581
0.00510204081632653
0.00657894736842105
0.00467289719626168
0.00378787878787879
0.00628930817610063
0.00833333333333333
0.00671140939597315
0.00746268656716418
0.00434782608695652
0.00588235294117647
0.00719424460431655
0.008
0.00552486187845304
0.00649350649350649
0.00862068965517241
0.00909090909090909
0.0075187969924812
0.00917431192660551
0.00574712643678161
0.0078125
0.00144927536231884
0.00689655172413793
0.00699300699300699
0.0078740157480315
0.00775193798449612
0.00709219858156028
0.00140154169586545
0.0113636363636364
0.0135135135135135
0.0170940170940171
0.002460024600246
0.0151515151515152
0.0158730158730159
0.00453514739229025
0.00680272108843537
0.0175438596491228
0.0227272727272727
0.00437636761487965
0.0119760479041916
0.00210231254379818
0.0138888888888889
0.0165289256198347
0.00217391304347826
0.00647249190938511
0.0102040816326531
0.003690036900369
0.0130718954248366
0.016260162601626
0.00630914826498423
0.0141843971631206
0.0153846153846154
0.0161290322580645
0.0168067226890756
0.0066006600660066
0.00934579439252336
0.0172413793103448
0.0256410256410256
0.0143884892086331
0.015748031496063
0.0176991150442478
0.027027027027027
0.00869565217391304
0.012987012987013
0.0155038759689922
0.016
0.0169491525423729
0.0277777777777778
0.0110497237569061
0.0117647058823529
0.0125786163522013
0.013986013986014
0.0263157894736842
0.00289855072463768
0.0134228187919463
0.0178571428571429
0.0028030833917309
0.00656455142231947
0.00946372239747634
0.0150375939849624
0.015625
0.0163934426229508
0.0185185185185185
0.0198019801980198
0.00898203592814371
0.0238095238095238
0.00350385423966363
0.0036231884057971
0.0114942528735632
0.012
0.0137931034482759
0.0176470588235294
0.0241935483870968
0.0252100840336134
0.0336134453781513
0.0087527352297593
0.00970873786407767
0.0115606936416185
0.0129449838187702
0.0131578947368421
0.0149253731343284
0.0166666666666667
0.0179640718562874
0.018018018018018
0.0212765957446809
0.024390243902439
0.0344827586206897
0.00420462508759636
0.00492004920049201
0.0128205128205128
0.0130434782608696
0.0181818181818182
0.018348623853211
0.0230769230769231
0.0104166666666667
0.0121951219512195
0.0126182965299685
0.0129032258064516
0.014018691588785
0.0153061224489796
0.0165745856353591
0.0232558139534884
0.0234375
0.024
0.0245901639344262
0.0261437908496732
0.0275862068965517
0.029940119760479
0.0303030303030303
0.0317460317460317
0.032520325203252
0.00560616678346181
0.00615006150061501
0.0072463768115942
0.00797101449275362
0.0090702947845805
0.0113378684807256
0.0125
0.0132013201320132
0.0136054421768707
0.0182926829268293
0.0188679245283019
0.0192307692307692
0.0194805194805195
0.0196078431372549
0.0197368421052632
0.0208333333333333
0.0220994475138122
0.0223880597014925
0.0267857142857143
0.028
0.0297029702970297
0.0298507462686567
0.0333333333333333
0.0340909090909091
0.0341880341880342
0.0396825396825397
0.0416666666666667
0.00490539593552908
0.00738007380073801
0.0109409190371991
0.01230012300123
0.013530135301353
0.0149700598802395
0.0186915887850467
0.0189274447949527
0.0194174757281553
0.0204081632653061
0.0215827338129496
0.0243055555555556
0.0247933884297521
0.0249433106575964
0.025
0.0254237288135593
0.0258064516129032
0.0265486725663717
0.027972027972028
0.03125
0.032258064516129
0.0327868852459016
0.0330578512396694
0.0347222222222222
0.036036036036036
0.0378787878787879
0.0384615384615385
0.0405405405405405
0.0413223140495868
0.0442477876106195
0.0454545454545455
0.0540540540540541
0.142857142857143
0.00630693763139453
0.00770847932725999
0.011070110701107
0.0140154169586545
0.0157728706624606
0.0170068027210884
0.0175054704595186
0.0189393939393939
0.0201342281879195
0.0206896551724138
0.020979020979021
0.0217391304347826
0.0225563909774436
0.0229885057471264
0.023121387283237
0.0233644859813084
0.023370233702337
0.0235294117647059
0.0236220472440945
0.0239520958083832
0.0252365930599369
0.0255102040816327
0.025974025974026
0.0264026402640264
0.0307692307692308
0.0310077519379845
0.0314465408805031
0.0324675324675325
0.0326797385620915
0.0338983050847458
0.0340136054421769
0.0350877192982456
0.0353982300884956
0.0365853658536585
0.036697247706422
0.037037037037037
0.0391304347826087
0.04
0.0413793103448276
0.0419161676646707
0.0425531914893617
0.0491803278688525
0.0535714285714286
0.0536912751677852
0.0538922155688623
0.0683760683760684
0.0689655172413793
0.087719298245614
0.0991735537190083
0.104166666666667
0.111111111111111
0.113636363636364
0.139344262295082
0.00507246376811594
0.00579710144927536
0.00700770847932726
0.00861008610086101
0.00981079187105816
0.00984009840098401
0.0101449275362319
0.0105115627189909
0.0108695652173913
0.0112123335669236
0.0115942028985507
0.0131291028446389
0.0133146461107218
0.0144927536231884
0.0147161878065872
0.014760147601476
0.0153172866520788
0.01541695865452
0.0159420289855072
0.0165016501650165
0.017220172201722
0.0173410404624277
0.0173611111111111
0.0173913043478261
0.018140589569161
0.018450184501845
0.0193548387096774
0.0195652173913043
0.02
0.0203223545900491
0.0209580838323353
0.0218818380743982
0.0220820189274448
0.022140221402214
0.022463768115942
0.0225225225225225
0.0226537216828479
0.0226757369614512
0.0240700218818381
0.0252277505255781
0.0258620689655172
0.0258899676375405
0.0260869565217391
0.0265151515151515
0.0268456375838926
0.0269461077844311
0.0272727272727273
0.0273300630693763
0.0275229357798165
0.0276243093922652
0.0280373831775701
0.028735632183908
0.0289017341040462
0.029126213592233
0.0291666666666667
0.0294117647058824
0.0301331464611072
0.031496062992126
0.0315315315315315
0.032
0.032051282051282
0.0329341317365269
0.0331491712707182
0.0346820809248555
0.0347003154574132
0.034965034965035
0.0354609929078014
0.0357142857142857
0.0359281437125748
0.036
0.0369565217391304
0.0373831775700935
0.0378548895899054
0.0381944444444444
0.0394736842105263
0.0396039603960396
0.0403225806451613
0.040650406504065
0.0408163265306122
0.0420168067226891
0.0423728813559322
0.0427350427350427
0.0427470217238963
0.0427536231884058
0.0430839002267574
0.0437636761487965
0.044
0.0440251572327044
0.045045045045045
0.0451127819548872
0.0451612903225806
0.0457516339869281
0.0458715596330275
0.0459183673469388
0.0459770114942529
0.0461538461538462
0.0462046204620462
0.0462962962962963
0.0467289719626168
0.0470588235294118
0.0476190476190476
0.0478260869565217
0.0486111111111111
0.048951048951049
0.0495049504950495
0.049645390070922
0.0504201680672269
0.0508982035928144
0.0517241379310345
0.0526315789473684
0.053030303030303
0.054421768707483
0.0547045951859956
0.0551181102362205
0.0565217391304348
0.0568181818181818
0.0568927789934354
0.0575539568345324
0.0576923076923077
0.0590405904059041
0.0601503759398496
0.0606060606060606
0.0616678346180799
0.0625
0.0630630630630631
0.0642201834862385
0.0680272108843537
0.0692307692307692
0.0694444444444444
0.0718954248366013
0.0747663551401869
0.0748502994011976
0.0749824807288017
0.0757097791798107
0.076
0.0782608695652174
0.0792079207920792
0.0794392523364486
0.0810810810810811
0.0819672131147541
0.082089552238806
0.0826086956521739
0.0840336134453782
0.0854700854700855
0.086231884057971
0.087527352297593
0.0884955752212389
0.0897435897435897
0.0898203592814371
0.0921052631578947
0.0939226519337017
0.0956521739130435
0.0957095709570957
0.100719424460432
0.1015625
0.101851851851852
0.102040816326531
0.102362204724409
0.105691056910569
0.106060606060606
0.107692307692308
0.108108108108108
0.108527131782946
0.108910891089109
0.110169491525424
0.110497237569061
0.112903225806452
0.116071428571429
0.116129032258065
0.117647058823529
0.119047619047619
0.121387283236994
0.121951219512195
0.122448979591837
0.123529411764706
0.123893805309735
0.125
0.126050420168067
0.126126126126126
0.128
0.129449838187702
0.12962962962963
0.12987012987013
0.132183908045977
0.132867132867133
0.134146341463415
0.134228187919463
0.136363636363636
0.137724550898204
0.138364779874214
0.140350877192982
0.144067796610169
0.144144144144144
0.146153846153846
0.150793650793651
0.153225806451613
0.161016949152542
0.214022140221402
